var Wax = /* color: #0b4a8b */ee.Geometry.Polygon(
        [[[-91.49342132142637, 29.458789147319088],
          [-91.44672942689512, 29.452212376546907],
          [-91.40003753236387, 29.460582738079353],
          [-91.37943816712949, 29.489275876227044],
          [-91.39866424134824, 29.543053610049324],
          [-91.44329619935606, 29.551416466314222],
          [-91.51951385072324, 29.528715675429595]]]),
    Mossy = /* color: #98ff00 */ee.Geometry.Polygon(
        [[[-102.42205628409683, 54.03274469049591],
          [-102.33347901358901, 54.02830834564653],
          [-102.26962098136245, 54.039196710826765],
          [-102.3104763890773, 54.11131044271925],
          [-102.43853577628433, 54.09037411134307]]]),
    Mekong = 
    /* color: #0b4a8b */
    /* locked: true */
    ee.Geometry.Polygon(
        [[[104.94254255640328, 11.563299966597729],
          [104.92194319116891, 11.533362806443144],
          [104.93292951929391, 11.491310844664321],
          [104.97484599522836, 11.32176795899979],
          [105.01329814366586, 11.152050462232182],
          [105.03389750890024, 11.010543404618868],
          [104.98857890538461, 10.820412770696377],
          [104.86498271397836, 10.665252252701102],
          [104.61770541470824, 10.573546711444642],
          [104.48863088527405, 10.514789052961135],
          [104.38982402257211, 10.423584417186829],
          [104.42900733822651, 10.354400055608753],
          [104.52187614315815, 10.252557472421547],
          [104.59463541063658, 10.11246831758389],
          [104.70243875536315, 10.137478546431414],
          [104.81642190966002, 10.082047847817815],
          [104.92697183641783, 10.011731787082885],
          [104.84885339585401, 9.815351840455685],
          [104.78293542710401, 9.621789618881579],
          [104.71976404038526, 9.062145093072614],
          [104.65384607163526, 8.583116600267033],
          [104.80628137436963, 8.482617958537388],
          [105.19629602280713, 8.566821322248547],
          [105.47644738999463, 8.922440543312817],
          [105.51629132402115, 9.055461491971302],
          [105.9584910310524, 9.196475879061213],
          [106.51895578236399, 9.455307322610025],
          [106.79242064309045, 9.812179496868367],
          [106.97369505715295, 10.093524866974652],
          [106.90228392434045, 10.298968392742436],
          [106.86018176743345, 10.381161687466907],
          [106.7750377244647, 10.62016322822814],
          [106.5662974900897, 10.908875725396257],
          [106.4729137010272, 11.01403809876747],
          [106.3355845994647, 11.175752914752222],
          [105.9785289354022, 11.062561933066018],
          [105.6928844041522, 11.138027473388979],
          [105.3797740525897, 11.035605236965065],
          [105.33988729276172, 11.432822107504874],
          [105.1206615755701, 11.545224952255046]]]),
    Nadym = 
    /* color: #d63000 */
    /* locked: true */
    ee.Geometry.Polygon(
        [[[71.84617477169058, 65.85687768806518],
          [71.97938400020621, 65.81077697491443],
          [72.01504915951818, 65.81109407346548],
          [72.30069369076818, 65.70960836533744],
          [72.41055697201818, 65.57367185740632],
          [72.64676302670568, 65.4598462648892],
          [72.83078402279943, 65.49176749890685],
          [72.77980077904715, 65.66976208852235],
          [72.7111362282659, 65.89172621480047],
          [72.4914096657659, 66.02599829049124],
          [72.3815463845159, 66.2769685427375],
          [71.6344760720159, 66.27254818118674]]]),
    Taz = 
    /* color: #d63000 */
    /* locked: true */
    ee.Geometry.Polygon(
        [[[78.70993414956445, 67.32704991038459],
          [78.9433936222207, 67.28678448645687],
          [79.1136817081582, 67.24326426416306],
          [79.34164801675195, 67.17943379700236],
          [79.6465186222207, 67.11222943592375],
          [79.8882178409707, 67.04590900759813],
          [80.4155615909707, 66.95522794612619],
          [80.66412726479882, 66.85449384434206],
          [81.09808722573632, 66.75280169679002],
          [81.58972540933007, 66.65068764860817],
          [81.86163703042382, 66.64742172641303],
          [81.95502081948632, 66.68332316317175],
          [82.05939093667382, 66.8226251592953],
          [81.76550665933007, 66.96275283698414],
          [81.47162238198632, 67.0212600719197],
          [81.00470343667382, 67.11009289999399],
          [80.65451422768945, 67.17410694799786],
          [80.52679816323632, 67.20179371582297],
          [80.33728400308007, 67.19806850346279],
          [80.14776984292382, 67.23370048160193],
          [79.91546765690703, 67.2685456793442],
          [79.58587781315703, 67.39767722882985],
          [79.32769910221953, 67.48618310407538],
          [78.92944470768828, 67.65803412235475],
          [78.39146004592999, 67.5354469562283]]]),
    Indigirka = 
    /* color: #d63000 */
    /* locked: true */
    ee.Geometry.Polygon(
        [[[147.69619857306657, 70.65741538586981],
          [148.36636458869157, 70.55892625278803],
          [151.12393294806657, 70.51133377951196],
          [152.39834701056657, 70.83493048865336],
          [152.03579818244157, 71.13204727825664],
          [151.58535872931657, 71.38618789073575],
          [150.42080794806657, 71.64740551220555],
          [149.64077865119157, 71.69232191989978],
          [149.04751693244157, 71.69577262771529],
          [148.72891341681657, 71.30888606299563],
          [149.01455794806657, 71.17817987805978]]]),
    Mackenzie = 
    /* color: #d63000 */
    /* locked: true */
    ee.Geometry.Polygon(
        [[[-134.04892921636178, 67.55207517872552],
          [-134.0930975554632, 67.69829094746669],
          [-133.94559583509113, 67.82051806176209],
          [-133.85563498137446, 67.92552090227585],
          [-133.74178634269583, 68.12221558839526],
          [-133.72016068298285, 68.17694848332282],
          [-133.75333079845018, 68.25351680755027],
          [-133.71601000328792, 68.26414064821827],
          [-133.64839739882524, 68.28032956582325],
          [-133.4361307226942, 68.27762754068812],
          [-133.73674533768133, 68.40682323408149],
          [-133.86914668137536, 68.68999036374402],
          [-134.4493398012355, 68.93046503275436],
          [-133.44063048585724, 69.38149064994029],
          [-134.06028124403394, 69.76795235192955],
          [-135.5021897466911, 69.49001038608671],
          [-135.96645259957427, 69.26846038215157],
          [-136.65442401291216, 69.07530741036949],
          [-137.15286614721055, 68.77221485308729],
          [-136.1792866573689, 68.5832386398054],
          [-135.50513943241043, 68.23175519524393],
          [-135.32548263332012, 67.55286875543622],
          [-135.17270839467176, 67.46340534414513],
          [-134.95805272806138, 67.39895103726262]]]),
    Colville = 
    /* color: #d63000 */
    /* locked: true */
    ee.Geometry.Polygon(
        [[[-150.94940185546875, 70.16816245753829],
          [-150.8697509765625, 70.17654702174049],
          [-150.8203125, 70.19888922930353],
          [-150.7489013671875, 70.27133458730887],
          [-150.66375732421875, 70.33705712680158],
          [-150.501708984375, 70.38137007983856],
          [-150.3204345703125, 70.39243332043046],
          [-150.23529052734375, 70.4274273893932],
          [-150.31219482421875, 70.49448454103766],
          [-150.52093505859375, 70.50640304295337],
          [-150.77362060546875, 70.49815251812839],
          [-151.07574462890625, 70.45225512346227],
          [-151.22406005859375, 70.42374663072307],
          [-151.17462158203125, 70.36845538704698]]]),
    Kobuk = 
    /* color: #d63000 */
    /* locked: true */
    ee.Geometry.Polygon(
        [[[-162.00818410251986, 66.72417475661665],
          [-161.8181369306659, 66.52305584122595],
          [-161.1479709150409, 66.49897216122403],
          [-161.06636563961638, 66.64128259149687],
          [-160.30556241696013, 66.89910704387651],
          [-160.53078214352263, 66.98194347304914],
          [-161.73653165524138, 66.96367910393282]]]),
    Yukon = 
    /* color: #d63000 */
    /* locked: true */
    ee.Geometry.Polygon(
        [[[-163.0755615234375, 63.0574483525819],
          [-163.388671875, 63.082327074306576],
          [-163.685302734375, 63.2163051599669],
          [-164.02587890625, 63.268240792181516],
          [-164.3115234375, 63.25341156651705],
          [-164.5147705078125, 63.19649558826465],
          [-164.761962890625, 63.00513377927513],
          [-165.0750732421875, 62.573105784499774],
          [-163.8336181640625, 62.380184590390975]]]),
    Lena = 
    /* color: #98ff00 */
    /* shown: false */
    ee.Geometry.Polygon(
        [[[121.91720743680855, 72.93124449803337],
          [123.68600626493355, 72.64680976911856],
          [125.08676310087105, 72.4159591887013],
          [126.11818963965379, 72.15188687138838],
          [126.92019159277879, 71.90784547182935],
          [127.37063104590379, 71.91125692417577],
          [127.28274042090379, 71.98954892951565],
          [127.01906854590379, 72.03704442295506],
          [127.01906854590379, 72.28274328581968],
          [126.82131463965379, 72.36613668844893],
          [127.01906854590379, 72.39606518123182],
          [127.51345331152879, 72.33282502790543],
          [128.4253185459038, 72.03704442295506],
          [128.5901134677788, 71.84975555581835],
          [128.7439220615288, 71.80864243649243],
          [129.5678966709038, 72.10468507216477],
          [129.6667736240288, 72.09117668000779],
          [129.6667736240288, 72.99725671560802],
          [129.10887011347018, 73.2151591332878],
          [128.18601855097018, 73.54820354468009],
          [124.73631151972018, 74.02668363093446],
          [122.95652636347018, 74.074985537399]]]),
    Pur = 
    /* color: #d63000 */
    /* locked: true */
    ee.Geometry.Polygon(
        [[[77.30930672561749, 67.52809930751161],
          [77.25007479218539, 67.46228989384726],
          [76.96443026093539, 67.49069692520239],
          [76.84907381562289, 67.40642909669086],
          [76.87104647187289, 67.38425930033775],
          [76.94795076874789, 67.30173376373621],
          [77.04682772187289, 67.28477022825973],
          [77.16493074921664, 67.31021103143864],
          [77.39564363984164, 67.19019123594818],
          [77.50001375702914, 67.15396161863174],
          [77.64832918671664, 67.1454290910341],
          [77.71424715546664, 67.03315978470376],
          [77.70875399140414, 66.97521834127977],
          [77.79389803437289, 66.86647519070874],
          [78.26356356171664, 66.85028387668744],
          [78.3462714976597, 66.8646628620969],
          [78.2473945445347, 67.04314664571726],
          [78.1759834117222, 67.21926394294131],
          [78.00294874375345, 67.3877661649559],
          [78.14027784531595, 67.55403830573343],
          [77.47011182969095, 67.65867405358406]]]),
    Yenisei = 
    /* color: #98ff00 */
    /* locked: true */
    ee.Geometry.Polygon(
        [[[81.74807014691783, 70.6382242184402],
          [81.69313850629283, 70.38533008227436],
          [81.50003987397406, 70.30699799325068],
          [81.47779703007132, 70.3369416898435],
          [81.39408103935978, 70.35877689919693],
          [81.17263159001277, 70.3779919903434],
          [81.14088090235782, 70.40201467446036],
          [80.8341716285546, 70.44709994315346],
          [80.59577736253368, 70.46525078483835],
          [80.58893186141563, 70.4461630803706],
          [80.62368105162841, 70.40724163228333],
          [80.73920731766611, 70.32410677252331],
          [80.79545560638303, 70.24393244894627],
          [80.97071561803818, 70.14413915522127],
          [80.97112143463278, 70.10635534546127],
          [81.06617459816368, 70.0548972712992],
          [81.28594928481039, 70.03704596879885],
          [81.32210593541026, 70.12025351223097],
          [81.89089241254283, 70.16284540398566],
          [82.04470100629283, 70.0019102276043],
          [82.39626350629283, 69.83593653443745],
          [83.34108772504283, 69.74484977239197],
          [83.72560920941783, 69.56532856689492],
          [84.11185365517792, 69.47008684688687],
          [84.71792131223697, 69.56948640809595],
          [84.59352913129283, 69.75625714007826],
          [83.11037483441783, 70.29662525340272],
          [83.68166389691783, 70.29292087071893],
          [83.85744514691783, 70.41849539402001],
          [83.50588264691783, 71.02062879105654],
          [82.03371467816783, 71.01705540877832]]]),
    Ob = 
    /* color: #0b4a8b */
    /* locked: true */
    ee.Geometry.Polygon(
        [[[70.75861854416013, 66.90820319793804],
          [70.68995399337888, 66.88772735920142],
          [70.53065223556638, 66.77859377156582],
          [70.18183631759763, 66.76451156045907],
          [69.84400672775388, 66.82295410486552],
          [69.47871131759763, 66.88449276371414],
          [69.40455360275388, 66.95555511263721],
          [69.19306678634763, 67.00817987315611],
          [69.10792274337888, 66.96307990248519],
          [68.93488807541013, 66.9243562203494],
          [68.77558631759763, 66.91035755165115],
          [68.56135291916013, 66.91035755165115],
          [67.97477215686962, 66.87789090743166],
          [66.9055588858161, 66.85618886186369],
          [66.7572434561286, 66.7252183941368],
          [66.55124980378486, 66.71110561421146],
          [66.3177903311286, 66.6730694940778],
          [66.06785136628486, 66.42165549263346],
          [66.1584885733161, 66.36335973115102],
          [66.67209941315986, 66.2308669574156],
          [67.2076829092536, 66.32037610736734],
          [67.1472581045661, 66.50610781929416],
          [67.47959453034736, 66.59900302602748],
          [67.60593730378486, 66.57280896589278],
          [67.8393967764411, 66.52252633264722],
          [67.95454704718128, 66.48688867276807],
          [68.33906853155628, 66.50660479241364],
          [68.84443962530628, 66.74198460700583],
          [69.06416618780628, 66.73547645076006],
          [69.10811150030628, 66.61367476773864],
          [69.32234489874378, 66.48688867276807],
          [70.22322380499378, 66.29549345158144],
          [71.50313103155628, 66.30432534362406],
          [71.72285759405628, 66.71811295797637],
          [71.68440544561878, 66.95794147318801]]]),
    Pechora = 
    /* color: #ffc82d */
    /* locked: true */
    ee.Geometry.Polygon(
        [[[53.060520208216474, 68.1957431668769],
          [52.766635930872724, 67.95268114371503],
          [52.357395208216474, 67.80893016501273],
          [52.247531926966474, 67.7570038555305],
          [52.32958606515007, 67.67433389425138],
          [51.90661243233757, 67.54984769299183],
          [51.75692371163444, 67.4594734191109],
          [51.83382800850944, 67.35448221728389],
          [52.04901244052974, 67.23117586757492],
          [52.19183470615474, 67.271534648946],
          [52.630601185646924, 67.4788901047973],
          [53.05917625178239, 67.59771795698643],
          [53.412112042798014, 67.60242782714943],
          [53.48489646662614, 67.66826745824781],
          [53.65518455256364, 67.78070832500174],
          [53.94357566584489, 67.90191265275347],
          [54.23745994318864, 68.08920504143892],
          [54.48739890803239, 68.3257636815066],
          [53.29263572443864, 68.37946304187766]]]),
    Dvina = 
    /* color: #00ffff */
    /* locked: true */
    ee.Geometry.Polygon(
        [[[40.074085914071645, 64.53783641814928],
          [40.409168921884145, 64.4621606892653],
          [40.771717750009145, 64.39755271354743],
          [41.06697531836852, 64.30184370700617],
          [41.12190695899352, 64.36192367455448],
          [40.985951148446645, 64.43669132317113],
          [40.771717750009145, 64.51066457283977],
          [40.71541281836852, 64.69501804756091],
          [40.47646018164977, 64.83494698976773],
          [40.11940451758727, 64.8080713837607],
          [39.802174292977895, 64.72376552094134],
          [39.63875266211852, 64.54728115660183]]]),
    Albany = 
    /* color: #d63000 */
    /* locked: true */
    ee.Geometry.Polygon(
        [[[-82.01502174473052, 52.12916119610127],
          [-81.91408485508208, 52.14644017911117],
          [-81.81520790195708, 52.18687206830586],
          [-81.6407999429727, 52.2032870302855],
          [-81.5192636880899, 52.20581187104397],
          [-81.36270851230864, 52.18729304049067],
          [-81.46776527500396, 52.342779321235845],
          [-81.50759071445708, 52.34026227037887],
          [-81.6730722818399, 52.29241107620929],
          [-81.90584510898833, 52.243246830859746],
          [-81.9867072662696, 52.18867082260573],
          [-82.06014525125863, 52.14463606352105]]]),
    Yana = 
    /* color: #ff0000 */
    /* locked: true */
    ee.Geometry.Polygon(
        [[[135.0963547395121, 70.65655800986289],
          [135.2007248566996, 70.57177308637002],
          [135.69236304029334, 70.56994583582598],
          [136.49985815748084, 70.7409870373281],
          [136.84592749341834, 70.7319256843195],
          [139.05417944654334, 70.75366604438156],
          [139.24094702466834, 70.89979728260712],
          [138.34556128248084, 71.30893671734088],
          [137.01072241529334, 71.58508780169711],
          [136.03293921216834, 71.68374207543322],
          [135.06064917310584, 71.57120060159814],
          [134.17075659498084, 71.34586921693533]]]),
    Pyasina = 
    /* color: #d63000 */
    /* locked: true */
    ee.Geometry.Polygon(
        [[[86.17441726383379, 73.4544615482219],
          [88.41150832828691, 73.4223625864758],
          [88.28414810040016, 74.12668586608523],
          [85.84243667461891, 74.14920691826477]]]),
    Niger = 
    /* color: #d63000 */
    /* locked: true */
    ee.Geometry.Polygon(
        [[[5.657450277784228, 4.096742824780249],
          [8.382059652784228, 4.11865903674911],
          [8.535868246534228, 4.600657334059176],
          [8.316141684034228, 5.476158883813746],
          [7.360331137159228, 6.8414906458751705],
          [6.514383871534228, 6.972369794780657],
          [4.613749105909228, 6.2739417278743685]]]),
    Wax2 = 
    /* color: #0b4a8b */
    /* locked: true */
    ee.Geometry.Polygon(
        [[[-91.49342132142637, 29.458789147319088],
          [-91.44672942689512, 29.452212376546907],
          [-91.40003753236387, 29.460582738079353],
          [-91.37943816712949, 29.489275876227044],
          [-91.39866424134824, 29.543053610049324],
          [-91.44329619935606, 29.551416466314222],
          [-91.51951385072324, 29.528715675429595]]]),
    Fly = 
    /* color: #d63000 */
    /* locked: true */
    ee.Geometry.Polygon(
        [[[142.95176036432454, -8.5490965854689],
          [143.2181788213558, -8.904732703524983],
          [143.39670665338704, -8.996979268820356],
          [143.71531016901204, -8.988840808241086],
          [143.85263927057454, -8.942719415500633],
          [144.03391368463704, -8.570824480210238],
          [144.0476465947933, -8.348055234265024],
          [143.9377833135433, -8.263804288377393],
          [143.7729883916683, -8.20672083085497],
          [143.65488536432454, -8.209439277193578],
          [143.52304942682454, -8.193128320255866],
          [143.3445215947933, -8.204002365914631],
          [143.0808497197933, -8.242059180141549],
          [142.7622462041683, -8.301855341908738]]]),
    Mahakam = 
    /* color: #98ff00 */
    /* locked: true */
    ee.Geometry.Polygon(
        [[[117.12669289589618, -0.776490701671103],
          [117.14797821284918, -0.8739834087392351],
          [117.21183693886493, -0.9508787783476855],
          [117.49198830605243, -0.9679470857914066],
          [117.63755715370868, -0.842993233294616],
          [117.66914284706806, -0.7633501865354285],
          [117.66502297402118, -0.6809592774531398],
          [117.66639626503681, -0.5683561246850495],
          [117.62657082558368, -0.3719822175242564],
          [117.51945412636493, -0.3046921348518263],
          [117.45902932167743, -0.3046921348518263],
          [117.42332375527118, -0.3403971349112892],
          [117.38693160734378, -0.35138318950809794],
          [117.35877907753681, -0.40219393002805054],
          [117.34916613733112, -0.42965906676967597],
          [117.32856667519306, -0.4612437647708624],
          [117.26676857948993, -0.5093072249391337],
          [117.19123757363056, -0.5614900033695985]]]),
    Irrawaddy = 
    /* color: #0b4a8b */
    /* locked: true */
    ee.Geometry.Polygon(
        [[[95.4038967413171, 18.14605667187352],
          [95.2830471319421, 18.09776532958083],
          [95.1347317022546, 17.978938190735054],
          [94.93285792295772, 17.84303778151406],
          [94.5414699835046, 17.638992683266903],
          [94.51263087217647, 17.439956996734516],
          [94.33276240119929, 16.996713201100114],
          [94.20367304573054, 16.57228655336969],
          [94.0384347636603, 16.08964540159004],
          [94.08100678514468, 15.7862926608181],
          [94.43531586717593, 15.67790118108684],
          [95.02033783983218, 15.581357866262813],
          [95.70149018358218, 15.572097899523376],
          [96.17156370555101, 16.102104629477893],
          [96.65496214305101, 16.31309838581234],
          [96.97147499731874, 16.86638267440606],
          [96.96323525122499, 17.047657390725156],
          [96.89731728247499, 17.23662627152809],
          [96.52103554419374, 17.640158924995298],
          [96.1259310491208, 17.90732227352792],
          [95.83753993583954, 18.04317333515483]]]),
    GBM = /* color: #ffc82d */ee.Geometry.Polygon(
        [[[87.64024557649218, 23.463146148212996],
          [87.67317230183657, 22.766178829758807],
          [87.86503074479113, 21.361576220597108],
          [88.66679089796858, 21.28994485391103],
          [91.31369390429255, 21.668107258226076],
          [91.64317648081455, 21.882300404560745],
          [91.2821352255894, 22.699750774441565],
          [91.17230226559906, 22.89970996683792],
          [90.98241854891086, 23.197025018158882],
          [90.80119797520153, 23.50063615772651],
          [90.74902856245615, 23.59753979334217],
          [90.5513396870185, 23.68179815759103],
          [90.44288493809714, 23.77731076365294],
          [90.05300136956545, 23.89158029919765],
          [89.93356559197684, 23.90789613230359],
          [89.78392781562512, 23.90664057971911],
          [89.67547463357715, 24.000734392618938],
          [89.54642954996025, 24.16617236120829],
          [89.26828447815167, 24.309641196307005],
          [89.06510748471317, 24.263343486703526],
          [89.0733460346849, 24.45718505900442],
          [88.84683144064826, 24.400941069613637],
          [88.74524514402174, 24.53464129714464],
          [88.44871811556116, 24.529649752327852],
          [88.3512515885642, 24.676935809705288],
          [88.03435827799534, 24.963781266187656],
          [87.82676909080126, 24.941218457083448]]]),
    Krishna = 
    /* color: #00ffff */
    /* locked: true */
    ee.Geometry.Polygon(
        [[[80.83367597877681, 16.19892948628914],
          [80.81307661354244, 16.114510184588603],
          [80.82543623268306, 16.023455356441513],
          [80.82955610572994, 15.974611716048402],
          [80.81994306862056, 15.941602504895194],
          [80.78835737526119, 15.9125499045437],
          [80.74303877174556, 15.849147842085685],
          [80.75127851783931, 15.772510440201438],
          [80.76638471901119, 15.734180869588295],
          [80.81795556241055, 15.666973765206198],
          [80.93193871670742, 15.666973765206198],
          [81.05004174405117, 15.707960016858431],
          [81.0569081991293, 15.75422490784376],
          [81.1063466756918, 15.873143321590772],
          [81.19011742764492, 16.039511158240426],
          [81.13655907803555, 16.101889945650143],
          [81.0349355428793, 16.140149342588302],
          [80.94017846280117, 16.177082436131258]]]),
    Godavari = 
    /* color: #bf04c2 */
    /* locked: true */
    ee.Geometry.Polygon(
        [[[81.6481565388131, 17.209812030888394],
          [81.60420587908415, 17.06281282580283],
          [81.40093459942716, 16.6158600157963],
          [81.38857435201125, 16.521060687819936],
          [81.42016363361579, 16.4341515150339],
          [81.39134175402623, 16.33794923996964],
          [81.51630611971838, 16.268095548589315],
          [81.92834304071214, 16.283916831791025],
          [82.56789098082122, 16.70259863932251],
          [82.52119452375102, 16.92873288360685],
          [82.39208942873144, 17.036446359968817],
          [82.26023698090513, 17.08371587537725]]]),
    Po_check = /* color: #ff0000 */ee.Geometry.Polygon(
        [[[12.014324244264687, 44.95149064406051],
          [12.03423696399125, 44.89947123322806],
          [12.082302149538124, 44.781646107768985],
          [12.19353872180375, 44.74069179650367],
          [12.29516225696, 44.73874086708765],
          [12.397472437624062, 44.72996087008766],
          [12.511455591920937, 44.79772735877016],
          [12.570507105592812, 44.84107566853223],
          [12.59972870579475, 44.97070338644524],
          [12.373135688216625, 45.15790790749676],
          [12.310650947005687, 45.164202052203166],
          [12.2673922800135, 45.14725469395121],
          [12.222073676497875, 45.118674880794714],
          [12.03942597141975, 45.02896734970871],
          [12.027066352279125, 45.0051833884736],
          [11.996167304427562, 44.98236091895193]]]),
    Ebro = 
    /* color: #00ff00 */
    /* locked: true */
    ee.Geometry.Polygon(
        [[[0.5583813172155416, 40.57438195122253],
          [0.6476452332311666, 40.515797518558166],
          [0.7499554138952291, 40.53980551134588],
          [0.9235319695584154, 40.70137416065623],
          [0.8363279900662279, 40.79708810088889],
          [0.7765898308865404, 40.82151467773541],
          [0.6667265496365404, 40.80280576525248],
          [0.6104216179959154, 40.77265253284424],
          [0.5678495965115404, 40.73936411234273]]]),
    Volga = 
    /* color: #0000ff */
    /* locked: true */
    ee.Geometry.Polygon(
        [[[47.407379305319935, 46.93282140602556],
          [47.701263582663685, 46.5375138469659],
          [47.62291789812142, 46.25219152909556],
          [47.48558879655892, 46.00092125435106],
          [47.47460246843392, 45.79448385143374],
          [47.17822234378554, 45.517820369747824],
          [47.20294158206679, 45.290271650161216],
          [47.33203093753554, 45.15678881808081],
          [48.34826628909804, 45.172281150881595],
          [48.70257537112929, 45.270945731727956],
          [49.32330291019179, 45.65519438967579],
          [50.24340789066054, 46.03592989398776],
          [50.03466765628554, 46.68280981450396],
          [48.83441130862929, 46.67904117107414],
          [48.46636931644179, 46.73177825856909],
          [48.11467135451675, 46.805137204574194],
          [47.84183789337099, 46.98646936590188],
          [47.67086316192568, 47.006607187927415],
          [47.58503247344912, 47.021588548823566],
          [47.50881482208193, 47.00801186904906]]]),
    Danube = 
    /* color: #999900 */
    /* locked: true */
    ee.Geometry.Polygon(
        [[[28.451376244742058, 45.003252838647114],
          [28.472519712882285, 44.721981213621795],
          [28.582382994132285, 44.478505849661644],
          [28.972397642569785, 44.27827172991992],
          [29.240708365952646, 44.556617489997464],
          [29.42695696874166, 44.68879572983007],
          [29.703768613597394, 44.804994376913506],
          [29.83711778052204, 45.1458430577453],
          [29.93050156958454, 45.504056794477734],
          [29.936369992944954, 45.589171259424816],
          [29.716746014260437, 45.70869241943308],
          [29.506557025043783, 45.698683502964236],
          [29.378916424416687, 45.607908997752226],
          [29.189402264260437, 45.52907579166314],
          [28.984061884485047, 45.43522061309065],
          [28.837119745813172, 45.40437509268218],
          [28.699790644250672, 45.31270318108504],
          [28.637992548547547, 45.24119268245548]]]),
    Parana = 
    /* color: #009999 */
    /* locked: true */
    ee.Geometry.Polygon(
        [[[-60.33051150564819, -33.17404793727405],
          [-60.268713409945065, -33.421979478478555],
          [-59.49435562115343, -34.001647310013205],
          [-59.17849868755968, -34.2313101748745],
          [-58.73629898052843, -34.46714192906754],
          [-58.35177749615343, -34.521470359546434],
          [-58.13782909845037, -34.2612145066288],
          [-58.29713085626287, -33.915468877524134],
          [-58.41248730157537, -33.792298752369774],
          [-58.63496044610662, -33.73064712270163],
          [-59.28864696954412, -33.41713995943689],
          [-59.54682568048162, -33.233544402793285],
          [-59.79676464532537, -33.18068914114602],
          [-59.99177196954412, -33.17149366439615]]]),
    Tronto = 
    /* color: #d63000 */
    /* locked: true */
    ee.Geometry.Polygon(
        [[[13.913121865433563, 42.94891152854888],
          [13.865064073882625, 42.9489137180606],
          [13.831411605503202, 42.926288378957835],
          [13.792283247613955, 42.910712125755644],
          [13.766193678735245, 42.8583932865879],
          [13.841716068458183, 42.84077599226317],
          [13.900094904342053, 42.828719718365214],
          [13.96323848083502, 42.81408883209684],
          [13.95431305829214, 42.94891706137322]]]),
    Chienti = 
    /* color: #98ff00 */
    /* locked: true */
    ee.Geometry.Polygon(
        [[[13.724665072622155, 43.32297873185863],
          [13.714708712758874, 43.313486863621584],
          [13.70406570738778, 43.30224457573378],
          [13.686212924184655, 43.29150000236308],
          [13.68209305113778, 43.28550220564111],
          [13.688616183461999, 43.26825524569103],
          [13.725772213004127, 43.27125506813522],
          [13.759074520133034, 43.27375480723047],
          [13.757343204090624, 43.28681114296852],
          [13.748743215473262, 43.29986724626128],
          [13.741512951651007, 43.31517071481551]]]),
    Metauro = 
    /* color: #0b4a8b */
    /* locked: true */
    ee.Geometry.Polygon(
        [[[13.004638676479523, 43.86711087247069],
          [12.977172856167023, 43.83839184583454],
          [12.893386141840235, 43.729078037615835],
          [12.920851962152735, 43.72064236119081],
          [13.021788851801173, 43.76429655100304],
          [13.087706820551173, 43.78165016484704],
          [13.133025424066798, 43.77371770905679],
          [13.062987582269923, 43.853985208831965]]]),
    Waipaoa = 
    /* color: #ffc82d */
    /* locked: true */
    ee.Geometry.Polygon(
        [[[177.38937036332968, -38.96957630817625],
          [177.37083093461874, -38.99466296236417],
          [177.34817163286093, -39.00800330551499],
          [177.3413051777828, -39.02934262223235],
          [177.35572473344686, -39.06453841341632],
          [177.384563844775, -39.074667283951314],
          [177.42232934770468, -39.0789316366609],
          [177.48325649124908, -39.074040243484035],
          [177.46403041703033, -38.99616985447715],
          [177.45991054398345, -38.96841447504188]]]),
    Var = 
    /* color: #00ffff */
    /* locked: true */
    ee.Geometry.Polygon(
        [[[7.166464216937913, 43.65215553662515],
          [7.193930037250413, 43.63526134547628],
          [7.237875349750413, 43.64172145014433],
          [7.237875349750413, 43.682453794564374],
          [7.228948958148851, 43.698341846872815],
          [7.222082503070726, 43.7211735483213],
          [7.202169783344163, 43.7330822877001],
          [7.164404280414476, 43.72415095512709]]]),
    Pescara = 
    /* color: #bf04c2 */
    /* locked: true */
    ee.Geometry.Polygon(
        [[[14.225388778161529, 42.47430893635005],
          [14.215861325606278, 42.473739500278],
          [14.20736433358145, 42.47089026413006],
          [14.204446090173247, 42.46721814893537],
          [14.198781264733794, 42.46240608570615],
          [14.210430270610667, 42.45228011206464],
          [14.22448465460195, 42.45240741790792],
          [14.238539848167399, 42.4525334287305],
          [14.247294578392008, 42.45671300579656],
          [14.24351802809904, 42.4708961571657]]]),
    Arno = 
    /* color: #d63000 */
    /* locked: true */
    ee.Geometry.Polygon(
        [[[10.283865179741708, 43.70135173878092],
          [10.250906195366708, 43.695642741057206],
          [10.242666449272958, 43.68372656008861],
          [10.243696417534677, 43.667834636142096],
          [10.286268439019052, 43.656409716218405],
          [10.330900397026864, 43.66112896843429],
          [10.347379889214364, 43.67280131448153],
          [10.352873053276864, 43.69415334790629],
          [10.322660650933114, 43.70035890865864]]]),
    Eel = 
    /* color: #98ff00 */
    /* locked: true */
    ee.Geometry.Polygon(
        [[[-124.15838781277688, 40.56397923206264],
          [-124.13847509305032, 40.58327679839561],
          [-124.15083471219094, 40.60256879884691],
          [-124.19340673367532, 40.63384129135666],
          [-124.28473058621438, 40.69842471281695],
          [-124.33004918973, 40.69269806638115],
          [-124.36712804715188, 40.57597567107885],
          [-124.32936254422219, 40.57023851203724],
          [-124.27923742215188, 40.566065723765504],
          [-124.20439306180032, 40.546241426525505]]]),
    Klamath = 
    /* color: #0b4a8b */
    /* locked: true */
    ee.Geometry.Polygon(
        [[[-124.00197584925496, 41.51793872640686],
          [-124.01055891810262, 41.53284662254556],
          [-124.03115828333699, 41.54286896615664],
          [-124.0593107491573, 41.554174361022035],
          [-124.07476027308309, 41.5552020261595],
          [-124.10050947962606, 41.549035790252205],
          [-124.09501631556356, 41.52873444254988],
          [-124.02669508753621, 41.49171306038499]]]),
    Ceyhan = 
    /* color: #ffc82d */
    /* locked: true */
    ee.Geometry.Polygon(
        [[[35.706360137242854, 36.57942735506513],
          [35.761250032619074, 36.72593905919466],
          [35.703571809962824, 36.74244777859097],
          [35.489641437802234, 36.766939933517946],
          [35.442949543270984, 36.739432209843706],
          [35.43127656963817, 36.63756790875845],
          [35.489641437802234, 36.55873713931729],
          [35.56036592510692, 36.53170667368649]]]),
    Copper = 
    /* color: #00ffff */
    /* locked: true */
    ee.Geometry.Polygon(
        [[[-144.77033594143288, 60.65837485527133],
          [-144.8596776988143, 60.670859947159514],
          [-144.99830225002663, 60.72358337737379],
          [-145.13151147854225, 60.726941059491466],
          [-145.26585992830806, 60.708133518193385],
          [-145.42732810425196, 60.64826937052388],
          [-145.66274103182369, 60.56942494622503],
          [-146.18733819979244, 60.43960498850064],
          [-145.9991784676855, 60.296515364548995],
          [-145.6641143228393, 60.24798749941621],
          [-145.44026788729244, 60.213895191624985],
          [-145.35924371737056, 60.213895191624985],
          [-145.1917022134643, 60.17362063516378],
          [-144.98433527010494, 60.15380654653676],
          [-144.77559503572994, 60.14423684797703],
          [-144.60805353182369, 60.15654023459505],
          [-144.55037530916744, 60.24594296096593],
          [-144.47216549695116, 60.4280519924518],
          [-144.45980587781054, 60.51739082521215]]]),
    Rhone = 
    /* color: #bf04c2 */
    /* locked: true */
    ee.Geometry.Polygon(
        [[[4.617468292016952, 43.739337995077065],
          [4.487005645532577, 43.72346080830293],
          [4.396368438501327, 43.674810741180956],
          [4.304357940454452, 43.62015650410793],
          [4.210974151391952, 43.58734009252417],
          [4.213720733423205, 43.53161067399614],
          [4.21784060647008, 43.48479798510272],
          [4.298864776391952, 43.369104916866476],
          [4.543310577173202, 43.319169022792416],
          [4.952551299829452, 43.32116724719962],
          [4.958044463891952, 43.624133034519524]]]),
    Colorado = 
    /* color: #ff0000 */
    /* locked: true */
    ee.Geometry.Polygon(
        [[[-115.04399765931294, 31.95795869417149],
          [-115.05635727845356, 31.90842645211573],
          [-115.07009018860981, 31.815116940355956],
          [-115.02271164857075, 31.66837986097599],
          [-114.96022690735981, 31.614599076313425],
          [-114.88744248353169, 31.513383637005933],
          [-114.52077378235981, 31.651430579812697],
          [-114.56366107959968, 31.821462895898197],
          [-114.85205219288093, 31.988175644503894],
          [-114.93513629932625, 31.992834594153674]]]),
    Brazos = 
    /* color: #00ff00 */
    /* locked: true */
    ee.Geometry.Polygon(
        [[[-95.3820101109689, 28.972209976188342],
          [-95.38750322744374, 28.959894691054412],
          [-95.40157933860156, 28.931954589818833],
          [-95.40432589701227, 28.915126808569667],
          [-95.40295261799638, 28.901001384537665],
          [-95.41462655025975, 28.887925146947172],
          [-95.42338014561096, 28.87920839638467],
          [-95.43076152122639, 28.87064024530969],
          [-95.4259550444322, 28.85500530679121],
          [-95.39711618193097, 28.855306000603562],
          [-95.37136719759071, 28.8670323909667],
          [-95.265968024786, 28.93616111003973],
          [-95.30527814503091, 28.963499298941045],
          [-95.31901042150612, 28.967704908737485],
          [-95.3301688454867, 28.972810663842214],
          [-95.34287165640622, 28.976114516888952]]]),
    Orange = 
    /* color: #0000ff */
    /* locked: true */
    ee.Geometry.Polygon(
        [[[16.524535043301, -28.562649881296775],
          [16.483679635586157, -28.555714264937706],
          [16.439047677578344, -28.568680480572933],
          [16.39647565609397, -28.62354304594421],
          [16.413298471035375, -28.64071938715109],
          [16.491919381679907, -28.670545296446424]]]),
    Hong_Red = 
    /* color: #999900 */
    /* locked: true */
    ee.Geometry.Polygon(
        [[[105.43665982622213, 20.610720346310803],
          [105.91731168169088, 19.912459897927697],
          [106.06562711137838, 19.747101744182295],
          [106.6654144318137, 19.93102079043268],
          [107.25043640446995, 20.145186990766096],
          [107.4838958771262, 20.433717001412706],
          [107.25896849922924, 20.949074129692534],
          [107.09966674141674, 21.166942337149635],
          [106.20153441719799, 21.596607711243255],
          [105.65771117501049, 21.642568217993354],
          [105.53960814766674, 21.466307077157904],
          [105.44347777657299, 21.36658669120707],
          [105.40777221016674, 21.220719359872522]]]),
    Mahanadi = 
    /* color: #009999 */
    /* locked: true */
    ee.Geometry.Polygon(
        [[[85.35566337146832, 20.263693041411305],
          [85.38035626893007, 20.092157999755294],
          [85.47238899418602, 19.916767235603327],
          [85.5685160295425, 19.56907847298892],
          [85.85226358977732, 19.687052000499595],
          [86.31472801359155, 19.84870729968395],
          [86.45548589139845, 19.888098303268563],
          [86.70002820851359, 20.07716730738079],
          [86.84982866579453, 20.28299786933632],
          [86.84708199001534, 20.419475610643055],
          [86.74820819170073, 20.463225794828745],
          [86.47767859638643, 20.545545231353856],
          [86.19616312137751, 20.57640357374931],
          [85.94674411859924, 20.615300442680812],
          [85.6116720313553, 20.543306184039928],
          [85.4304033382696, 20.368321722466433]]]),
    ChaoPhraya = 
    /* color: #ff00ff */
    /* locked: true */
    ee.Geometry.Polygon(
        [[[100.73990495543501, 13.46599416569821],
          [100.77698381285688, 13.56613842099821],
          [100.78110368590376, 13.666240457732933],
          [100.73990495543501, 13.83831636930176],
          [100.49683244566938, 13.9236402436095],
          [100.45975358824751, 13.912976477729032],
          [100.39520891051313, 13.846316815387434],
          [100.37186296324751, 13.571478264627073],
          [100.46250017027876, 13.452638423958094],
          [100.62729509215376, 13.480684620616021]]]),
    Vistula = 
    /* color: #ff9999 */
    /* locked: true */
    ee.Geometry.Polygon(
        [[[18.997819553509487, 54.34225101790168],
          [19.00571597684933, 54.35515784850584],
          [18.993871341839565, 54.36716056370237],
          [18.962113987103237, 54.371460683174234],
          [18.9380813943298, 54.37036069547151],
          [18.91782535184933, 54.365160354712145],
          [18.906879909660915, 54.34430158563832],
          [18.926620968010525, 54.32788786767656],
          [18.93674898925076, 54.32178109333801]]]),
    Fraser = 
    /* color: #ffff99 */
    /* locked: true */
    ee.Geometry.Polygon(
        [[[-122.83025570210737, 49.21922246582854],
          [-122.87969417866987, 49.25777789263573],
          [-122.89342708882612, 49.290033709333755],
          [-123.01015682515424, 49.29809436795693],
          [-123.14199276265424, 49.31600222360244],
          [-123.20861347953186, 49.30482497724647],
          [-123.26421566304487, 49.290033709333755],
          [-123.31090755757612, 49.24522826737864],
          [-123.29992122945112, 49.137529158648526],
          [-123.15450583730274, 48.97073386471939],
          [-123.05013572011524, 48.956307950204284],
          [-122.90044699941211, 48.98605682675034],
          [-122.80843650136524, 49.0446011895892]]]),
    Magdalena = 
    /* color: #99ffff */
    /* locked: true */
    ee.Geometry.Polygon(
        [[[-74.70314613077261, 10.946638327864598],
          [-74.66057410928823, 11.02011172178337],
          [-74.66606727335073, 11.036960835678444],
          [-74.68529334756948, 11.078742464991025],
          [-74.83635535928823, 11.131297974914864],
          [-74.88785377237417, 11.121865631770792],
          [-74.89334693643667, 11.094240585943318],
          [-74.88098731729605, 11.041004479267341],
          [-74.87068763467886, 11.004609684689655],
          [-74.75258460733511, 10.939222567184789]]]),
    Pearl = 
    /* color: #ff99ff */
    /* locked: true */
    ee.Geometry.Polygon(
        [[[113.57034329268333, 21.668590758472384],
          [114.20755032393333, 22.223953823983628],
          [114.10244063844567, 22.567556355136894],
          [114.04064254274255, 22.703179912485897],
          [113.96373824586755, 22.931028652038485],
          [113.91429976930505, 23.173645436138262],
          [113.78658370485192, 23.317491683149473],
          [113.33339766969567, 23.486375253169765],
          [113.18233565797692, 23.44858422509969],
          [113.08345870485192, 23.38305416537253],
          [112.86373214235192, 23.34019005329499],
          [112.68520431032067, 23.264513748918375],
          [112.59731368532067, 22.966437469896082],
          [112.56435470094567, 22.819683563210585],
          [112.26772384157067, 22.608782416843162],
          [112.16610030641442, 22.410870760645768],
          [112.53688888063317, 21.968361072407877],
          [112.71816329469567, 21.87153626881163],
          [112.92415694703942, 21.636846585707946]]]),
    Limpopo = 
    /* color: #d63000 */
    /* locked: true */
    ee.Geometry.Polygon(
        [[[33.554302193498756, -25.218990965695173],
          [33.68407819447532, -25.161827287908437],
          [33.679958321428444, -25.130127177019517],
          [33.68957135853782, -25.033733223717416],
          [33.59344098744407, -24.993909727254728],
          [33.488384224748756, -25.025022937583167],
          [33.480891498434914, -25.085196032685708],
          [33.47333839784898, -25.128098226907134],
          [33.44587257753648, -25.203296132001217],
          [33.46097877870835, -25.230008180348953],
          [33.4802048529271, -25.251125181637015]]]),
    Indus = 
    /* color: #98ff00 */
    /* locked: true */
    ee.Geometry.Polygon(
        [[[68.01185328797567, 24.705487209365437],
          [67.75916774110067, 24.712972531310093],
          [67.62183863953817, 24.75288664540332],
          [67.44745520115765, 24.820312362005232],
          [67.27027613953817, 24.812733781628207],
          [67.09724147156942, 24.77034504116063],
          [67.07801539735067, 24.51321025474874],
          [67.35816676453817, 23.92206555924849],
          [67.81216876394222, 23.583232887472708],
          [68.44662921316097, 23.462352365767952],
          [68.90488668094468, 23.80874137608435],
          [68.66567835655724, 24.376887253433598]]]),
    Huanghe_Yellow = 
    /* color: #578b18 */
    /* shown: false */
    ee.Geometry.Polygon(
        [[[118.95607122254123, 37.70389971267085],
          [118.97255071472873, 37.66151320449781],
          [119.11308079913834, 37.652092022843554],
          [119.24011021808366, 37.66459471305613],
          [119.20509129718522, 37.82314138358087],
          [119.10483298784119, 37.8516493974191],
          [119.05024210384676, 37.849065035708016],
          [118.98811131671646, 37.83778436252298],
          [118.97781163409928, 37.79384670865362]]]),
    TigrisEuphrates = 
    /* color: #ffc82d */
    /* locked: true */
    ee.Geometry.Polygon(
        [[[47.75696974385761, 30.63885293000123],
          [47.64161329854511, 30.56320258717085],
          [47.53998976338886, 30.395142725706748],
          [47.77619581807636, 30.02249035204363],
          [47.94923048604511, 29.708089178549404],
          [47.81220936030297, 29.510288012617124],
          [48.13081287592797, 29.445730417806146],
          [48.86689686030297, 29.565249068131973],
          [49.46565174311547, 29.715641393125107],
          [49.27262606863559, 29.97172955703226],
          [48.963080375241645, 30.353495865955498],
          [48.575054952953344, 30.41648944590776],
          [48.215918899801565, 30.606351594519108]]]),
    Orinoco = 
    /* color: #00ffff */
    /* shown: false */
    ee.Geometry.Polygon(
        [[[-61.6392023967677, 8.267807956637505],
          [-60.7438166545802, 8.284115835715683],
          [-60.3208430217677, 8.41998842400855],
          [-60.3043635295802, 8.78388978983378],
          [-60.5900080608302, 9.532277859948199],
          [-61.0184748577052, 9.824686340739671],
          [-61.6831477092677, 10.051937028607231],
          [-62.2049982952052, 10.133059474933226],
          [-62.4412043498927, 10.095204877640796],
          [-62.5730402873927, 9.813860955898658],
          [-62.6609309123927, 9.142011027566685],
          [-62.5950129436427, 8.72416888801384],
          [-62.6389582561427, 8.425422340806167]]]),
    Yangtze = 
    /* color: #bf04c2 */
    /* locked: true */
    ee.Geometry.Polygon(
        [[[120.41363188801722, 31.174265444782165],
          [120.43444028301055, 30.94230473544875],
          [120.5405640655716, 30.724456243266285],
          [121.06143558347365, 30.526195090590953],
          [121.43027373621382, 30.468083527039912],
          [121.80944521687556, 30.454126080848965],
          [122.16453686574314, 30.503561514575818],
          [122.22481868212759, 30.669974738558867],
          [122.19050782591182, 30.77261354349895],
          [122.35518318693275, 31.07399832017231],
          [122.37163530003406, 31.739273540543103],
          [122.31673263881048, 32.17705294500751],
          [121.26829627597921, 32.33487650950268],
          [120.5943002815884, 32.205258350990995],
          [120.21554334871752, 32.140218197557765],
          [120.19357673097169, 31.8702370989762]]]),
    Nile = 
    /* color: #ff0000 */
    /* locked: true */
    ee.Geometry.Polygon(
        [[[32.04367508766086, 30.302104203404177],
          [32.51059403297336, 31.584406881988436],
          [32.00522293922336, 31.71767595802292],
          [30.25015702125461, 31.593765329923894],
          [29.93979325172336, 31.392351791537813],
          [30.03867020484836, 31.26331370771391],
          [30.28438183277717, 31.00960033437342],
          [30.49037548512092, 30.69481851660067],
          [30.697799827638846, 30.46808418158478],
          [30.826611908457608, 30.233758220667575],
          [31.03692915654665, 30.08795287147298],
          [31.182414398316496, 30.032446676427792],
          [31.219321594361418, 30.02234037636776]]]),
    Mississippi = 
    /* color: #00ff00 */
    /* shown: false */
    ee.Geometry.Polygon(
        [[[-91.01291611926533, 30.126460009383408],
          [-91.0609813048122, 29.852891861368388],
          [-91.20112657972682, 29.61048815736093],
          [-91.32197618910186, 29.37141675623479],
          [-91.41229763593508, 29.123245570944658],
          [-91.01985216566436, 28.942075615611873],
          [-89.65202115429491, 28.79709555051687],
          [-88.94369068904503, 28.801417246721503],
          [-88.27876329847682, 28.87926593585283],
          [-88.33644152113311, 29.47638111360912],
          [-88.96540880628936, 30.10089482077713],
          [-89.30049181410186, 30.186400543313848],
          [-89.81684923597686, 30.18165216986658],
          [-90.35202809642956, 30.285658000809164]]]),
    Congo_Zaire = 
    /* color: #0000ff */
    /* locked: true */
    ee.Geometry.Polygon(
        [[[13.216056362712607, -5.863872473041312],
          [13.150138393962607, -5.798295584819311],
          [12.760123745525107, -5.777801240060523],
          [12.537650600993857, -5.7900979360958384],
          [12.161368862712607, -5.8474789702379955],
          [12.113303677165732, -5.977247607134355],
          [12.142142788493857, -6.209387948554585],
          [12.199821011150107, -6.32541999701147],
          [13.004569546306357, -6.2407873989914515]]]),
    Amazon = 
    /* color: #999900 */
    /* locked: true */
    ee.Geometry.Polygon(
        [[[-51.38914660846813, -2.4611643942605754],
          [-49.47752551471813, -1.4729898058804312],
          [-48.35692004596813, -0.5832494378584383],
          [-48.03831653034313, 0.2736730418098573],
          [-49.99388293659313, 2.0639990139765634],
          [-50.82348662212149, 1.8004991414271205],
          [-51.12555104256669, 1.1964943619266206],
          [-51.49900988971813, 0.7570504908421729],
          [-52.08128528034313, 0.09789278482615889],
          [-52.50492591520331, -0.6672997844550252],
          [-52.55511936024095, -1.5643059026534964]]]),
    Kolyma = /* color: #d63000 */ee.Geometry.Polygon(
        [[[162.43107660647718, 69.62592743589641],
          [159.69548090335218, 69.85607754426098],
          [159.45245005287057, 69.74526866133722],
          [160.69523676272718, 69.09542283639728],
          [161.13468988772718, 68.72780618037476],
          [161.35796479154112, 68.70491849168613],
          [161.92925385404112, 69.0552472460965]]]),
    Atchafayla = /* color: #d63000 */ee.Geometry.Polygon(
        [[[-91.37004142102023, 29.370960871106508],
          [-91.2691045313718, 29.357795532137118],
          [-91.22927909191867, 29.416428031971574],
          [-91.23545890148898, 29.520447296113517],
          [-91.3405156641843, 29.51925227880734],
          [-91.39235740002414, 29.464266232512234]]]),
    Dnieper = /* color: #98ff00 */ee.Geometry.Polygon(
        [[[32.15458284953569, 46.446434249169144],
          [32.23835360148882, 46.414252519108665],
          [32.71488558391069, 46.41993302868599],
          [32.91538607219194, 46.446434249169144],
          [32.92087923625444, 46.57119501137792],
          [32.75144607339515, 46.7035367638703],
          [32.6186862203022, 46.70053688712049],
          [32.25888397420845, 46.59683741572767]]]),
    Don = /* color: #0b4a8b */ee.Geometry.Polygon(
        [[[39.216731828774456, 46.87616047254543],
          [40.090144914711956, 46.99431273137013],
          [40.167049211586956, 47.086963790382214],
          [40.01186732682133, 47.361161248362436],
          [39.818233293618206, 47.3695326784825],
          [39.47079066666508, 47.353718861812304],
          [39.046443742836956, 47.27830557204133]]]),
    Laitaure = /* color: #d63000 */ee.Geometry.Polygon(
        [[[18.07057668455071, 67.11387338949032],
          [18.30403615720696, 67.11040165874329],
          [18.298199670390552, 67.16695541890566],
          [18.071597090636693, 67.17102030734031]]]),
    Apalachicola = /* color: #98ff00 */ee.Geometry.Polygon(
        [[[-85.1545350881909, 29.689948564530372],
          [-84.85515764678465, 29.698299239923035],
          [-84.8304384085034, 29.75673452598364],
          [-84.83318499053465, 29.883028989597644],
          [-84.90596941436277, 29.987755866461715],
          [-85.18284942572403, 29.976683874286984],
          [-85.22679473822403, 29.886234354601232],
          [-85.3188052362709, 29.86122723456417],
          [-85.33253814642715, 29.748021520853506],
          [-85.2803530878334, 29.674070864731675]]]),
    Mobile = /* color: #0b4a8b */ee.Geometry.Polygon(
        [[[-88.13967667579973, 30.60479534684647],
          [-87.85815201759661, 30.59533895907972],
          [-87.85128556251848, 30.803165997022127],
          [-87.83068619728411, 30.954031351777356],
          [-87.83892594337786, 31.07702242260293],
          [-88.08886490822161, 31.07467001695179],
          [-88.08062516212786, 30.7252833180632],
          [-88.08071559027475, 30.60801988668476],
          [-88.00300219847279, 30.59872754020842],
          [-87.99879649473743, 30.600352865699094]]]),
    Betsiboka = /* color: #ffc82d */ee.Geometry.Polygon(
        [[[46.25114044507956, -16.139908316822133],
          [46.54071898594424, -16.134952771314577],
          [46.60389037266299, -16.14352736493032],
          [46.68650021712881, -16.169742814533194],
          [46.68650021712881, -16.118296496909146],
          [46.701606418300685, -15.99028244738193],
          [46.5704571263085, -15.827176881178335],
          [46.40909543197256, -15.81990999756902],
          [46.17906918685537, -15.861525883232636]]]),
    Sinu = /* color: #bf04c2 */ee.Geometry.Polygon(
        [[[-75.98793605172818, 9.364500426800362],
          [-75.96012690866178, 9.364500426800362],
          [-75.92064479196256, 9.364839173983938],
          [-75.87944606149381, 9.38414721711993],
          [-75.87086299264615, 9.433259317274766],
          [-75.89146235788053, 9.45595013446463],
          [-75.98759272897428, 9.450192904491935]]]),
    Rufiji = /* color: #ff0000 */ee.Geometry.Polygon(
        [[[38.92577500166425, -8.094858945175043],
          [38.934014747758, -8.268850909843176],
          [39.032891700883, -8.365329083530186],
          [39.240258644242374, -8.36804643396227],
          [39.327119300980655, -8.354459492351062],
          [39.46032852949628, -8.127488212715695],
          [39.47131485762128, -7.9303130127127215],
          [39.464448402543155, -7.716713305361667],
          [39.351838539261905, -7.7003827351206375],
          [39.038728187699405, -7.716713305361667]]]),
    Sag = /* color: #00ff00 */ee.Geometry.Polygon(
        [[[-148.6753151555357, 69.90643216620049],
          [-148.2406685490904, 70.02346437946024],
          [-147.67212606862165, 70.2363079357292],
          [-147.67604496661306, 70.30133062464266],
          [-147.8257336873162, 70.36049630782281],
          [-148.1772961873162, 70.38263940431278],
          [-148.4025159138787, 70.36603433165057],
          [-148.72935917559744, 70.20854146394218]]]),
    SaoFrancisco = /* color: #d63000 */ee.Geometry.Polygon(
        [[[-36.8288185713983, -10.7149056044146],
          [-36.8635210068102, -10.2448896379889],
          [-36.6404355218003, -10.2448896379889],
          [-36.3096535957512, -10.1923235179579],
          [-36.172468843475, -10.194887718935],
          [-36.1912012728128, -10.2920804700169],
          [-36.250531975508, -10.4926032246957],
          [-36.49536500182, -10.6150197378517],
          [-36.7094061444547, -10.6931259793746],
          [-36.8288185713983, -10.7149056044146]]]), 
    Kuparuk = /* color: #d63000 */ee.Geometry.Polygon(
        [[[-148.9052164573108, 70.27962766169135],
          [-148.8777506369983, 70.30833772832786],
          [-148.8901102561389, 70.35086580197415],
          [-148.8447916526233, 70.37901511180016],
          [-148.7569010276233, 70.42415749944537],
          [-148.8351786155139, 70.44439303698762],
          [-148.93542885965454, 70.44393336168737],
          [-148.96838784402954, 70.43105823733424],
          [-149.0260660666858, 70.3734806050059],
          [-149.05627846902954, 70.30764360397112],
          [-148.99585366434204, 70.27800573414078],
          [-148.93680215067016, 70.27198031032921]]]);
